Epoch : 3	Batch: 1
99	150		-4.380805492401123	-4.269999980926514
99	190		-6.227083206176758	-6.300000190734863
Epoch : 3	Batch: 2
99	170		-5.025909900665283	-5.019999980926514
99	70		-6.235928535461426	-6.119999885559082
Epoch : 3	Batch: 3
86	0		-7.828444004058838	-7.789999961853027
99	260		-4.305782794952393	-4.409999847412109
Epoch : 3	Batch: 4
86	40		-6.224924564361572	-5.760000228881836
99	430		-6.508079528808594	-6.690000057220459
Epoch : 3	Batch: 5
99	350		-2.6898999214172363	-2.6500000953674316
99	340		-1.7318028211593628	-2.380000114440918
Epoch : 3	Batch: 6
99	450		-5.34529972076416	-5.25
99	220		-5.295660018920898	-5.239999771118164
Epoch : 3	Batch: 7
99	230		-6.1212239265441895	-5.889999866485596
99	110		-7.448354721069336	-7.559999942779541
Epoch : 3	Batch: 8
99	200		-4.108152389526367	-4.0
99	120		-8.660544395446777	-8.699999809265137
Epoch : 3	Batch: 9
99	160		-5.007011413574219	-5.0
99	40		-3.959238052368164	-3.7100000381469727
Epoch : 3	Batch: 10
99	290		-6.236508369445801	-6.409999847412109
99	360		-2.807082176208496	-2.6700000762939453
Epoch : 3	Batch: 11
99	380		-4.356685638427734	-4.429999828338623
99	50		-4.530466079711914	-4.309999942779541
Epoch : 3	Batch: 12
86	30		-5.714332580566406	-5.300000190734863
99	100		-7.553956985473633	-7.429999828338623
Epoch : 3	Batch: 13
99	330		-6.953557968139648	-7.960000038146973
99	80		-6.903415203094482	-6.75
Epoch : 3	Batch: 14
86	10		-9.66615104675293	-9.569999694824219
99	250		-3.8410263061523438	-3.809999942779541
Epoch : 3	Batch: 15
99	140		-3.5682826042175293	-3.5899999141693115
99	10		-2.539055109024048	-2.180000066757202
Epoch : 3	Batch: 16
86	20		-4.926750183105469	-4.679999828338623
99	30		-1.6403982639312744	-1.690000057220459
Epoch : 3	Batch: 17
99	20		-3.3822906017303467	-3.3299999237060547
99	240		-7.132368087768555	-6.96999979019165
Epoch : 3	Batch: 18
99	210		-4.749389171600342	-4.570000171661377
99	310		-5.7112507820129395	-5.650000095367432
Epoch : 3	Batch: 19
99	400		-3.9705348014831543	-3.75
99	390		-2.767908811569214	-2.680000066757202
